n_a:     1.000000e+00     2.000000e+00     3.000000e+00     4.000000e+00     5.000000e+00     
q_cir:     1.000000e-01     1.000000e+02     2.000000e+02     3.000000e+02     4.000000e+02     5.000000e+02     6.000000e+02     7.000000e+02     8.000000e+02     9.000000e+02     1.000000e+03     

Cs(n_a,q_cir):     
8.032027e+02     8.780855e+02     9.155269e+02     9.379917e+02     9.529683e+02     
6.911126e+02     7.762520e+02     8.188217e+02     8.443636e+02     8.613915e+02     
5.969198e+02     6.872404e+02     7.324007e+02     7.594969e+02     7.775611e+02     
5.170390e+02     6.086629e+02     6.544748e+02     6.819620e+02     7.002868e+02     
4.485330e+02     5.385366e+02     5.835383e+02     6.105394e+02     6.285401e+02     
3.890808e+02     4.752901e+02     5.183947e+02     5.442575e+02     5.614993e+02     
3.368539e+02     4.176810e+02     4.580945e+02     4.823426e+02     4.985080e+02     
2.904155e+02     3.647286e+02     4.018851e+02     4.241791e+02     4.390417e+02     
2.486397e+02     3.156600e+02     3.491702e+02     3.692763e+02     3.826804e+02     
2.106464e+02     2.698669e+02     2.994772e+02     3.172433e+02     3.290874e+02     
1.757497e+02     2.268707e+02     2.524312e+02     2.677675e+02     2.779917e+02     
