Daytime:         cs(n_a=1):       cs(n_a=2):     
0.000000e+00     4.620623e+02     5.180568e+02     
5.000000e-01     5.637577e+02     6.181445e+02     
1.000000e+00     6.789727e+02     7.270239e+02     
1.500000e+00     8.799614e+02     9.072704e+02     
2.000000e+00     1.034383e+03     1.038773e+03     
2.500000e+00     1.118018e+03     1.107832e+03     
3.000000e+00     1.118018e+03     1.107832e+03     
3.500000e+00     1.118018e+03     1.107832e+03     
4.000000e+00     1.118018e+03     1.107832e+03     
4.500000e+00     1.034383e+03     1.038773e+03     
5.000000e+00     8.799614e+02     9.072704e+02     
5.500000e+00     7.103802e+02     7.640819e+02     
6.000000e+00     4.049145e+02     4.650511e+02     
6.500000e+00     3.191786e+02     3.779749e+02     
7.000000e+00     2.493616e+02     3.030777e+02     
7.500000e+00     1.436944e+02     1.803000e+02     
8.000000e+00     7.004107e+01     9.030283e+01     
8.500000e+00     1.670396e+01     2.174793e+01     
9.000000e+00     8.857285e+01     1.144371e+02     
9.500000e+00     1.893605e+02     2.424414e+02     
1.000000e+01     2.627142e+02     3.326648e+02     
1.050000e+01     2.894267e+02     3.649480e+02     
1.100000e+01     3.123836e+02     3.958648e+02     
1.150000e+01     2.821973e+02     3.620065e+02     
1.200000e+01     2.095237e+02     2.727370e+02     
1.250000e+01     1.674821e+02     2.188229e+02     
1.300000e+01     1.884245e+02     2.443341e+02     
1.350000e+01     1.473042e+02     1.918359e+02     
1.400000e+01     1.473042e+02     1.918359e+02     
1.450000e+01     2.104645e+02     2.722580e+02     
1.500000e+01     2.573763e+02     3.311568e+02     
1.550000e+01     2.821973e+02     3.620065e+02     
1.600000e+01     2.573763e+02     3.311568e+02     
1.650000e+01     2.104645e+02     2.722580e+02     
1.700000e+01     1.673624e+02     2.175075e+02     
1.750000e+01     9.188347e+01     1.198062e+02     
1.800000e+01     3.283443e+01     4.295881e+01     
1.850000e+01     1.175581e+01     1.542800e+01     
1.900000e+01     1.048432e+02     1.343473e+02     
1.950000e+01     1.670720e+02     2.102033e+02     
2.000000e+01     1.912184e+02     2.394405e+02     
2.050000e+01     2.184382e+02     2.697454e+02     
2.100000e+01     2.465544e+02     3.026368e+02     
2.150000e+01     3.133062e+02     3.753319e+02     
2.200000e+01     3.191786e+02     3.779749e+02     
2.240000e+01     3.254414e+02     3.808163e+02     
2.300000e+01     4.049145e+02     4.650511e+02     
2.350000e+01     0.000000e+00     0.000000e+00     


a_p= 1.123363e+01     